000519,-0.37324
000020,-0.06186
000038,-0.25572
002825,1.12141
600311,0.08723
300397,-0.58126
603602,0.47637
002915,0.0
603917,0.0
300729,0.0
300725,1.56087
603042,0.17097
601611,0.96382
300727,0.0
000503,0.98195
002881,0.26057
300638,0.86731
603322,0.83728
300063,0.32579
603848,0.0
300730,0.0
002600,-0.60422
000912,1.9717
002879,0.20952
300708,3.3348
600130,0.92567
000670,0.21557
300038,1.03636
002451,0.87303
601313,5.02392
002768,-0.66164
000673,0.83347
300572,0.80194
002434,0.34073
600435,-0.55102
000697,-0.0819
000158,-0.31883
300712,0.1392
603711,0.0
300056,-0.28274
300380,0.91348
300682,1.09776
600446,0.58378
002183,0.75689
002481,0.67049
002806,3.14635
000969,0.74211
600503,2.00265
300654,0.79971
300065,0.42002
603638,0.96989
600988,1.06267
300604,1.85892
002555,0.27241
002856,0.17129
600206,-0.03865
300701,0.43302
000982,0.16904
002893,0.72325
300424,1.31344
002397,-0.01651
300148,0.1571
000587,-0.4076
300597,1.12777
600283,-0.11294
002669,0.65928
600573,-0.1965
300008,0.12172
300639,0.26145
000890,-0.00837
600749,0.95036
002895,0.96413
600151,-0.20305
600319,0.40483
002350,-0.12587
300359,-0.34249
601106,0.68107
603089,0.84143
002765,-0.04047
002246,0.08324
603939,0.15833
002785,4.69379
300224,-0.58345
002269,-0.30536
300377,1.74941
002436,-0.70781
603533,5.18427
300347,-0.29249
600116,-0.08982
002371,1.48165
000586,-0.12372
601718,-0.22185
300308,4.16997
300237,-0.361
000032,-0.21137
600698,1.2863
002248,0.16899
600973,-0.30442
300019,0.61392
002112,0.3814
002798,2.30553
002634,1.10389
002652,0.23028
002469,-0.42567
002626,-0.20713
002333,0.3928
300570,-0.35952
603626,0.11328
002769,0.89741
600118,0.29391
002409,-0.08689
600593,0.36811
600825,-0.22377
300046,0.36874
002711,-0.61271
300051,0.76756
002796,1.63356
300161,0.51623
000985,0.17117
300565,0.9726
300270,-0.22403
603258,1.03414
603055,0.16218
300323,0.72535
000881,0.1329
603515,0.38804
000922,-0.52492
300108,0.66974
600489,0.03987
300386,-0.06361
600864,-0.25573
002897,-0.0051
000768,-0.01357
002753,0.67739
002076,-0.57696
300401,-0.17312
300336,-0.59466
600736,0.17841
002848,1.49348
002624,-0.23503
002896,0.71537
002843,1.4574
000626,0.61566
600208,-0.1577
002478,-0.02496
002828,0.052
600416,-0.14759
300015,-0.36823
300242,-0.20282
300025,-0.41117
000639,0.51296
600610,0.23042
300329,-0.59188
300676,4.16134
000736,-0.20396
600967,-0.18618
002370,0.73032
002421,-0.55166
002819,1.43665
300300,-0.04101
300360,-0.48486
002217,-0.48469
002853,-0.31865
603990,1.36918
002278,0.38579
603165,1.15403
000777,-0.51891
002152,-0.19062
002052,-0.03056
000677,-0.05234
600770,1.09555
300113,-0.39102
002386,0.28651
300686,0.4443
002824,1.12645
002563,-0.75773
600807,1.91169
300196,-0.05134
600517,0.15049
002695,0.52967
300506,0.34886
300096,-0.13928
000659,1.26059
300094,0.00731
000813,0.15663
002892,0.28705
300076,-0.42475
000839,-0.36635
600545,-0.13216
002721,1.23325
600338,0.93634
601811,0.85898
300630,1.10951
300711,0.5096
300050,-0.03047
000797,-0.37232
000573,0.48666
002058,-0.03926
600090,0.66576
300390,1.06836
600608,0.92625
002818,0.31298
600167,-0.25185
601069,0.89146
600452,0.63172
002174,-0.63694
002446,-0.13431
603557,0.50752
600148,0.35334
603496,0.3054
300327,0.57341
002445,-0.31981
601099,-0.36081
300370,0.06149
300458,1.55452
300505,1.11512
002656,1.15692
002210,-0.36768
002837,0.35107
600345,0.08681
300217,0.91755
600202,-0.32406
600800,0.56132
300406,-0.5697
300006,0.57397
002717,-0.29489
002412,0.06517
600995,-0.21107
300275,1.13243
000838,1.91516
603203,0.66129
300011,-0.32202
002683,-0.33001
600480,0.0851
300408,-0.53157
600571,0.68758
600590,0.47272
002070,0.35337
603131,1.99517
002833,1.32793
002204,-0.76163
002251,0.75985
002678,0.04452
002840,1.35296
300482,3.68255
002705,0.13036
603038,0.09521
300249,0.45368
300127,0.70645
600775,0.48635
600083,1.45285
002033,-0.12956
002644,-0.58958
000040,0.60982
002338,-0.41096
600917,0.05179
600677,-0.40561
300027,-0.31724
603318,1.21176
000816,0.10642
002056,-0.5371
002810,0.96163
000893,0.21885
600563,0.18373
600196,0.26796
600316,-0.37194
002106,-0.33709
000795,-0.25226
600478,-0.2701
603016,1.69475
002265,0.22478
300399,-0.31571
002830,1.2807
600521,0.02996
600281,0.03338
300213,-0.01906
600119,0.31614
600275,2.27482
603299,0.69576
000972,0.41695
600391,0.94987
603688,0.20633
300502,1.81959
002155,0.11445
600587,-0.08447
300356,0.04503
300586,1.12714
002902,0.68376
300527,1.97085
600893,-0.0336
002373,-0.29231
600879,-0.61037
300499,1.55018
000823,0.44824
300456,0.11778
600399,-0.62286
300001,0.54102
000949,-0.05244
600766,-0.33819
002330,0.08598
002839,1.28349
300657,1.78995
002549,-0.46474
002341,0.31096
300203,0.16385
002506,0.0295
300559,0.91681
002115,0.76368
600197,-0.14237
300468,0.73367
600679,0.72154
600287,-0.31648
002283,0.50465
600398,-0.0037
300123,-0.28941
300089,1.45369
600713,0.58836
600158,-0.43736
603660,1.10523
002361,-0.4137
300342,0.16398
002414,0.06241
002679,1.37628
300620,0.62011
300696,0.69707
300243,-0.19158
300475,0.92421
002093,1.48393
600343,0.01185
300393,0.4075
002244,-0.23452
600889,0.17973
002829,0.96581
000902,-0.01849
601890,0.10853
002438,-0.15607
600229,0.40441
600038,-0.03591
600764,2.12114
300491,1.71148
000809,-0.54282
300526,1.94571
300715,0.37481
300423,0.91082
600578,0.17372
002746,1.86733
600744,0.90184
000815,2.54102
000662,3.38927
002149,0.24012
002228,0.68754
002374,0.09787
603113,-0.26179
300345,-0.66925
300585,0.60895
603081,0.22166
000599,0.12542
600622,-0.36213
000981,-0.08858
300670,-0.07057
600372,-0.25004
600301,0.93118
002118,-0.45137
002143,0.41017
002608,0.30927
300202,-0.1357
300330,0.5621
600767,0.09761
603922,-0.05778
600456,0.6351
002716,-0.63664
600860,0.83492
300635,0.42445
300048,0.01223
600419,0.1758
600754,-0.08198
002540,-0.41661
002621,0.44165
300642,0.19305
600565,0.47375
601566,0.48542
002262,-0.05794
603883,0.95996
600883,0.29132
600777,-0.24132
300420,0.86906
002036,0.83537
002529,0.61835
002190,-0.31612
600998,-0.31162
002783,0.54584
300102,-0.41349
002120,2.50572
002299,0.13294
000756,-0.01395
300182,-0.66557
600641,0.46399
603335,0.53405
601689,-0.16213
002046,-0.04473
603880,0.00138
002019,-0.24873
300548,2.12249
600687,0.46146
000025,1.87666
601098,-0.06781
300368,1.33469
002130,0.17633
002657,-0.64611
300556,5.36649
600178,-0.0762
603778,0.45547
002300,0.23392
600862,0.84211
002030,0.21907
600845,0.22476
300163,3.7996
002733,-0.4634
000572,-0.31381
600661,0.38181
300259,-0.27371
000917,-0.43179
600115,-0.17141
002668,0.69036
002239,-0.42284
000099,0.01209
300374,-0.29737
300188,-0.33142
601989,-0.31973
002836,1.85976
603319,0.60899
600774,-0.36255
300463,-0.34219
002886,-0.13542
600512,0.36889
002413,1.15616
600880,-0.38924
600086,-0.74251
600980,0.5326
600318,0.23675
603578,1.25629
600212,0.14295
300125,1.22133
300198,-0.06127
002229,0.88304
300495,-0.61043
002134,1.50957
000682,-0.22893
603859,2.65101
002465,-0.0679
601020,0.5207
600561,0.37236
000046,-0.41818
300675,4.4892
002805,3.17341
300365,0.3429
002154,-0.42084
300651,0.21638
002237,-0.47887
300656,0.19462
600977,0.34801
300477,0.96574
300413,1.47773
600072,0.52723
300121,0.51721
300653,0.78064
600502,-0.254
600821,0.85706
000996,-0.45053
600387,0.01357
002165,-0.25098
300514,0.2855
600765,-0.53978
002782,0.21479
002359,0.576
002057,-0.04436
600844,-0.00828
002268,0.1097
601007,-0.00769
600169,-0.50016
600088,0.27242
300003,0.30477
300672,1.7213
600640,-0.42402
002240,-0.06002
002006,0.46323
002054,0.16999
600209,0.87401
000989,0.3473
600558,-0.54043
300414,-0.308
300199,-0.21709
002761,0.44821
603169,-0.37336
600195,0.41022
600462,0.25259
000611,0.21518
300289,-0.34145
600048,-0.19738
300346,0.39683
300615,1.20423
300595,1.3523
300252,0.16799
002132,0.36705
000014,0.62157
600191,0.21988
603588,-0.62149
000988,0.12117
300489,1.29161
000590,0.15977
601028,-0.36036
002530,1.03721
002013,-0.52157
002418,0.48998
600011,-0.11203
300373,0.03865
300197,-0.33238
600403,0.15399
603031,1.32082
600063,0.32148
300271,-0.761
002638,0.33972
300600,1.11604
300306,0.69927
002476,-0.22502
002715,0.59743
603086,-0.01896
603929,2.53743
600513,-0.14211
002111,0.15786
603885,-0.00971
300288,-0.7044
002223,0.05191
300009,1.68183
600556,2.04555
000710,0.15532
002712,-0.10166
603738,0.23825
600240,0.4991
600225,-0.22344
300100,1.72953
002327,-0.09933
603366,-0.41803
600547,0.08232
000005,-0.05419
600848,0.5998
603355,0.57863
601952,-0.00012
000719,-0.47966
002356,0.4268
002802,1.94232
603133,0.19292
603658,0.74369
002528,-0.14398
600745,0.82845
600222,0.18125
002571,0.6541
000669,-0.41799
600385,0.18473
601965,-0.38595
300472,0.45456
603226,-0.2174
603633,1.19594
300511,0.75112
603879,0.9177
000738,0.672
300710,0.49568
600213,0.28685
002732,-0.21251
300266,-0.557
002682,2.25625
600285,0.18771
300557,1.23962
300320,-0.50592
603569,0.1289
600976,0.13747
300689,0.59806
600965,0.9254
000836,0.06733
600423,0.16216
000150,0.45405
601222,0.06579
002042,0.98517
000909,0.37054
002641,-0.50061
002524,0.76547
300577,0.84968
002247,0.17803
300375,0.21167
300563,0.96963
000533,0.62061
000899,0.44414
002585,-0.24716
600560,0.37109
300215,2.49435
300185,-0.49251
600114,0.08552
002179,0.16639
600184,-0.55747
002383,1.4628
600455,2.08173
000065,-0.31431
603599,0.09373
300494,-0.15472
002696,0.63867
000798,-0.19172
601000,-0.22285
600572,-0.30424
600992,0.37706
002662,-0.24716
002537,-0.13403
002861,-0.19047
603701,0.76283
600796,0.34142
002859,-0.58085
002812,1.26476
300581,0.08956
002613,-0.49106
002531,-0.64855
300587,0.53802
600748,-0.11097
300627,0.84377
300591,2.34383
300099,0.39289
300355,1.4973
002255,0.15792
600660,0.25017
603637,0.34943
002146,-0.56004
600776,0.36591
600425,-0.349
002878,0.12876
603458,-0.05981
600823,-0.40641
002080,0.2125
000731,0.09039
603690,7.34433
300481,1.12467
300703,0.0575
000666,-0.26519
600466,-0.24867
300017,0.19469
300022,0.39427
603118,1.03386
600594,0.02685
600381,0.34582
300195,0.1195
600760,1.45873
002584,1.76879
000554,0.20458
603901,-0.14742
300087,0.00049
002368,-0.59709
603286,0.71538
002170,1.1107
300135,-0.27456
600576,-0.07707
300160,0.35768
600483,0.16487
002745,0.00427
002523,0.08414
600875,-0.3386
000600,-0.52423
002519,-0.31787
600868,0.74656
603699,-0.0917
600359,-0.2244
603315,1.54429
002201,1.48047
002552,-0.13958
300178,-0.4099
002376,0.49393
300673,-0.06548
603069,1.74493
002680,-0.83467
002815,0.53876
002488,0.15852
600707,0.04776
000676,0.49032
002578,-0.34981
300490,0.07849
000785,1.17286
300442,2.05019
300206,-0.31604
600340,-0.7101
300231,-0.0164
603816,0.13638
002107,-0.46503
002472,1.31654
300478,0.63223
002085,1.6307
300608,0.80152
300698,1.89126
603308,0.11051
000701,0.02663
002734,0.15856
601179,-0.52059
600460,0.8625
002022,0.46499
002191,-0.3874
600725,0.46967
002258,-0.2166
002538,-0.61429
002664,-0.40957
300265,-0.23033
601985,-0.31531
601801,-0.52539
300628,0.5512
603336,1.20427
300546,1.9373
002544,-0.05792
000837,-0.0627
002003,0.19223
600727,0.35678
603011,-0.50949
002498,-0.31487
002809,0.23263
002791,0.32745
002349,-0.43648
600919,0.00406
002264,-0.54868
601158,-0.29124
600488,0.36644
002477,-0.53754
300532,0.92805
002487,0.68008
300128,1.25817
002776,-0.19667
000901,0.16854
600331,-0.33583
002167,-0.12073
600961,-0.15258
002660,0.0418
002105,0.1277
600523,0.48145
000622,0.10601
600216,-0.25188
600636,-0.17158
000518,-0.32281
000752,0.78601
000404,0.14055
600615,0.13387
000017,0.47889
000862,0.56939
002023,-0.32663
600712,0.11045
600317,-0.28748
300497,0.63851
600990,-0.00812
300219,0.54715
000521,-0.32706
600692,0.28318
300251,-0.70186
000958,-0.29526
000010,0.43205
600035,-0.07161
002250,-0.38081
603380,-0.04384
600201,-0.26595
002171,0.84769
300543,0.15408
002617,-0.23924
000915,0.84489
300480,2.52462
300566,1.27253
002543,0.72529
002291,0.50242
300379,-0.47041
300299,-0.33338
000633,0.5904
000039,-0.45531
601518,0.23046
600638,-0.28065
000911,1.19206
603050,0.59188
002234,1.11922
600033,-0.09133
603803,-0.09619
600159,-0.10559
600418,-0.08498
600023,-0.31719
002494,-0.34309
603887,1.08112
002777,0.55055
600533,-0.39893
603233,0.05532
002025,0.95601
600182,2.32014
002051,-0.33779
002567,0.17949
002212,0.79596
000620,0.35668
600562,-0.37092
603126,-0.69369
000070,-0.17692
600771,0.99967
002697,-0.66108
600163,0.1089
002041,-0.67441
600223,-0.0715
600037,-0.00178
600869,0.32146
000786,-0.37189
600315,-0.03404
603009,0.49036
300310,0.80649
603030,-0.46515
002557,-0.26922
600232,0.39318
002270,-0.53528
002388,-0.35123
000993,-0.41063
002659,0.76686
000980,2.13894
603085,1.08036
600482,0.28543
002471,-0.11784
300045,-0.04385
603002,0.20667
002517,0.45082
601021,-0.12688
002087,0.15135
000928,0.0838
300315,-0.53079
002625,5.62745
600297,-0.41556
300088,0.68482
000151,-0.53576
002032,-0.01787
002691,0.8254
600719,-0.39433
603869,1.58371
603421,0.83856
600321,1.0459
300522,1.83117
002026,0.57769
600366,-0.09878
600550,-0.37158
600393,0.35716
002758,0.25832
600588,0.35583
002779,0.2854
002773,0.38913
000671,0.54445
002301,2.16258
601111,0.17341
002266,-0.10092
600897,-0.32594
603007,1.6268
603766,0.27609
002623,0.01359
002687,-0.09013
002360,0.00236
600300,0.49596
300650,0.72336
601798,0.03644
600939,1.44388
601727,0.35546
600234,0.17363
000652,-0.22145
600619,0.9863
601500,0.9292
300663,0.70499
600543,0.38032
000687,0.23016
600107,0.32735
300541,1.88057
000927,-0.33001
603806,0.19568
002808,1.30612
600098,0.1364
000990,-0.37714
000680,-0.30413
600866,-0.01714
002316,0.31517
300334,-0.31906
300294,-0.43204
300404,0.90293
600021,0.38407
600505,-0.0492
000668,0.42829
603026,1.26177
000059,0.12143
603868,0.26471
002324,0.00381
002614,0.91702
002094,-0.08291
601515,-0.1591
000416,-0.10135
002574,0.0968
603067,1.27036
300447,0.5417
603566,0.5874
600686,0.61082
002658,-0.40777
000546,0.60815
603157,0.26376
002787,-0.52386
600175,0.16726
600721,0.92672
000153,0.21338
000605,0.11292
600836,-0.74252
002147,-0.26103
002632,0.30828
000802,0.43358
300438,0.58197
600110,0.96494
300034,0.33872
601595,0.50076
300551,2.19234
601238,0.25494
603326,0.17108
300209,0.34233
000978,-0.23447
002483,-0.30086
000962,0.39192
300222,-0.51306
300629,0.93865
300469,3.83958
000863,0.22656
600855,0.12251
601928,0.0483
300007,-0.21151
002252,0.12238
603001,0.37837
002242,-0.01891
603698,0.14891
600566,-0.16754
603667,1.52332
002759,0.10588
000637,-0.33853
300030,0.4579
002017,0.1391
600739,-0.06472
002873,0.37092
000818,0.77259
603838,-0.32077
600095,0.79518
002131,-0.85287
603860,0.1679
000027,0.2417
603866,0.28415
600882,-0.37486
300515,2.96575
300338,-0.20343
300465,0.0962
000560,0.4574
300369,-0.47256
002197,0.9706
000667,0.06111
300415,-0.54188
002909,0.3213
600186,-0.16871
000861,0.05767
600070,0.34111
600396,-0.32
002342,-0.45168
603181,0.5598
300621,0.42344
000413,0.53519
600370,1.04777
002709,0.19278
300313,-0.19583
603508,-0.15501
600221,0.24762
600062,-0.26289
300667,0.84202
002735,0.46755
002811,0.30369
600726,0.08972
300473,0.03654
601127,1.81914
600644,-0.38331
600353,1.29542
600113,-0.36015
002187,-0.18362
000615,0.42431
002329,0.26726
300669,-0.05079
300440,0.9656
300400,0.3775
300418,-0.41867
002846,1.43151
600757,0.28628
601958,-0.53683
600791,-0.28045
300317,-0.00252
300601,5.03343
000760,-0.00082
300286,0.4974
300080,-0.21692
600373,0.32512
300561,0.21293
002309,-0.1751
600758,2.04698
300539,1.03389
600255,-0.11648
603387,0.04411
600891,0.28355
300129,-0.33198
600718,-0.21614
600052,0.01923
300029,-0.06661
002467,0.03627
600601,0.20932
000923,2.1438
300120,0.226
300162,-0.63567
002775,0.12896
002203,-0.18143
000429,-0.16887
600027,-0.23341
002891,0.08942
000875,0.25195
300172,-0.39746
300269,-0.62682
002645,-0.18051
300516,1.60136
600190,-0.29743
600168,-0.3858
000422,-0.02256
601107,-0.20196
300212,0.05218
002607,-0.41955
603969,-0.50801
000011,0.0344
300352,-0.52706
600665,-0.18611
300343,-0.57243
603737,2.16558
002703,-0.70368
601311,0.95588
300245,-0.20749
000919,-0.15208
603777,0.80656
600501,0.41461
603499,0.45645
300558,1.12203
000921,0.23453
300429,1.63293
600101,-0.47508
000516,0.03121
002276,1.43113
600059,-0.16453
300192,0.11462
601519,1.99272
300158,-0.30411
002126,-0.46187
000612,0.32074
002224,1.06945
603027,0.63675
603898,0.11102
002354,-0.10586
002133,0.54716
600633,-0.19034
300426,0.89709
300578,1.45795
300533,0.39566
600824,-0.55203
300513,1.00138
300671,0.5418
002117,-0.24997
300004,0.2072
600763,-0.23699
002816,1.20263
002384,1.09077
600160,-0.32818
000543,-0.46171
002169,0.25094
000558,1.11049
002795,-0.0927
300552,2.4771
300409,-0.66485
600269,0.07658
002572,-0.47058
300467,1.24969
603228,0.05879
300521,3.02532
600477,0.07754
002028,0.13497
000159,-0.57532
002890,0.27845
600386,-0.47117
002313,0.18342
002577,0.13536
603728,-0.18956
002379,0.51551
002550,-0.12398
000570,-0.07769
002630,0.00479
601588,0.0005
002845,0.84211
000965,-0.67172
300164,-0.27968
600538,1.255
603339,1.44897
600091,1.71098
603036,0.2715
300105,-0.2605
603167,-0.16695
002653,-0.24367
600380,0.66845
300357,-0.07338
603232,0.7902
600926,-0.16779
600778,-0.05054
600662,0.15362
601633,-0.60091
002400,-0.43246
600648,-0.47171
002452,-0.26336
002689,0.13389
002539,-0.20135
603159,0.9759
002737,-0.20662
300214,-0.05146
603098,0.00282
002855,0.50589
600643,0.30027
600962,-0.33643
600067,-0.28244
601117,0.11859
600358,0.75714
300230,-0.05988
002393,0.80063
603029,0.85254
600192,-0.48057
600495,-0.62642
002560,0.13872
600604,0.02463
002708,0.00856
300248,1.05184
002588,-0.14654
000826,-0.03509
603601,0.41188
000970,-0.44378
603958,0.81888
300253,-0.26961
603378,0.1098
600822,-0.38852
002137,1.17773
603288,-0.28496
000066,0.85123
000529,-0.24338
300055,-0.52193
000702,-0.22081
002651,-0.04879
002173,0.31722
002097,-0.43443
300311,-0.31304
002766,0.50673
000009,-0.06962
000601,0.01867
601669,0.55471
603999,0.05562
002296,0.02366
603616,-0.46578
600262,0.5146
000690,0.91304
300036,-0.07956
603359,-0.00791
603166,-0.24848
603197,-0.30858
002789,0.11194
300147,-0.17473
300640,0.50497
300700,2.54115
600057,-0.4194
300542,2.34957
002363,-0.46906
002616,-0.60054
603158,0.45617
000967,-0.1776
000606,0.22203
600203,0.89504
600548,0.42466
002509,-0.56521
300350,1.44052
600122,1.29007
002180,-0.06298
002235,-0.15786
600149,0.14461
002063,0.56629
000948,0.73919
002389,0.80526
002513,1.05309
002331,0.48322
600693,1.17182
600843,-0.03155
300114,-0.38896
002548,1.59859
002726,-0.16439
600598,0.32994
600155,-0.26189
002151,-0.39876
300293,0.1295
300280,0.68196
600081,-0.57015
600551,0.06784
002271,-0.46267
600689,-0.16926
002221,0.63913
300168,-0.41113
603976,0.22341
002040,-0.29312
600506,0.29976
002153,-0.36322
300110,0.66609
300204,-0.2463
600841,0.09457
300536,1.58761
000042,0.44209
600847,0.41353
002741,-0.21061
002677,-0.35893
000732,0.11682
603725,0.27097
600647,0.164
002044,2.32125
300233,0.21076
002159,0.2967
300637,0.32868
002742,-0.43358
603088,0.08485
300142,-0.32964
000567,1.19809
000004,1.03364
002718,-0.34893
300385,0.41471
300662,0.77061
002755,0.82914
002035,0.80025
603083,0.57815
300707,0.93062
603986,3.86018
603977,0.52692
603960,0.97814
603936,0.88468
603676,0.56185
603669,0.10151
603598,0.68916
603589,-0.43264
603520,0.37609
603429,0.21246
603333,-0.00763
603168,-0.3389
603108,0.32809
603039,1.58103
603032,2.48143
603010,0.58347
603008,0.03222
601998,-0.22508
601968,-0.11023
601899,0.69805
601898,0.34941
601789,-0.57218
601788,-0.09314
601700,0.36769
601619,3.02354
601618,0.06233
601600,0.65457
601558,0.27942
601390,0.08638
601328,-0.34949
601208,-0.40169
601188,0.19031
601126,-0.57956
601010,0.09337
601005,0.11847
601003,0.47957
600985,0.39005
600979,-0.3639
600978,1.12415
600969,-0.2339
600966,0.52592
600960,0.09074
600936,0.52318
600896,0.14643
600890,-0.1124
600877,0.51155
600871,-0.47499
600870,0.30114
600856,-0.2173
600829,0.28321
600818,-0.37851
600817,0.26441
600804,0.40868
600794,-0.6217
600784,-0.48424
600759,-0.20558
600733,0.62569
600730,-0.03412
600724,-0.14624
600715,1.81353
600705,-0.61983
600695,1.485
600694,-0.28996
600688,-0.4235
600685,-0.60798
600684,0.1939
600682,2.3637
600675,0.11558
600666,1.9892
600664,0.09726
600650,-0.36715
600645,-0.0985
600634,0.85836
600606,-0.21817
600605,0.44461
600579,0.137
600536,-0.19436
600530,0.16833
600516,2.32448
600510,0.14474
600485,-0.21182
600469,-0.44428
600467,0.32709
600458,0.17255
600439,0.78754
600438,-0.21276
600422,-0.31004
600378,-0.41964
600375,-0.06222
600365,1.20179
600351,0.38382
600346,1.63477
600333,-0.03342
600332,-0.32498
600328,-0.08401
600309,0.13004
600293,2.10107
600289,0.58608
600273,-0.09636
600266,-0.20865
600265,1.07998
600257,0.86513
600252,-0.08697
600248,-0.42393
600246,-0.41937
600242,0.22309
600239,-0.37655
600230,0.92948
600227,0.9163
600226,-0.63411
600200,0.65795
600187,-0.14189
600165,-0.47751
600162,-0.11638
600161,-0.16128
600157,-0.42683
600150,-0.46091
600146,0.33839
600145,0.4872
600128,-0.2464
600120,0.39423
600112,0.28424
600084,1.02553
600082,-0.10435
600080,-0.24243
600074,0.84273
600061,-0.20246
600039,-0.24534
600017,-0.34541
600016,-0.22353
600009,0.37499
600000,-0.04195
300683,0.15663
300680,0.9342
300659,0.45548
300612,1.91342
300590,0.11912
300580,0.56244
300528,1.61815
300525,3.26737
300523,2.75102
300500,0.52709
300492,1.9284
300483,1.27683
300460,1.23921
300455,0.85664
300446,5.61174
300444,1.99024
300437,0.22992
300431,13.30102
300392,-0.41077
300383,0.05038
300376,-0.8618
300314,-0.28742
300301,-0.35072
300292,0.84372
300285,-0.60149
300278,-0.48459
300273,-0.33257
300272,-0.51979
300268,6.03514
300260,0.85045
300250,-0.61874
300247,1.00827
300240,0.487
300208,0.65038
300205,-0.45041
300187,-0.25001
300169,-0.36378
300167,0.39471
300159,-0.20916
300156,0.61853
300152,0.80046
300151,-0.1805
300149,0.23301
300143,0.39869
300140,-0.43331
300133,-0.41357
300117,-0.22189
300109,1.0343
300104,0.71359
300091,-0.26705
300090,-0.45375
300086,-0.27099
300085,-0.36852
300077,-0.18147
300074,0.86246
300071,-0.58377
300049,0.95494
300043,0.31714
300032,0.16244
300013,3.12535
300010,-0.32923
300005,-0.40402
300002,-0.48085
002888,0.55676
002842,0.95266
002832,-0.13567
002792,0.04656
002786,-0.17076
002756,-0.11657
002747,2.66045
002740,-0.47
002739,0.69368
002738,1.33853
002694,1.19931
002692,1.20554
002676,0.90187
002655,0.10921
002654,0.4424
002650,0.03025
002647,0.0871
002622,0.17944
002604,-0.37958
002598,-0.03755
002596,-0.16922
002592,0.72934
002586,-0.49222
002580,-0.36436
002579,0.59137
002576,0.40331
002575,-0.44921
002553,-0.0549
002545,-0.35727
002533,0.34259
002520,-0.59475
002512,-0.59771
002510,0.38016
002507,-0.28548
002504,0.19961
002492,0.56621
002489,1.19709
002479,0.77748
002473,0.1913
002470,-0.48135
002464,0.76892
002453,-0.37245
002448,-0.22106
002437,-0.07985
002423,-0.1922
002422,0.07496
002419,0.07542
002401,-0.34246
002398,-0.11272
002382,0.17756
002366,-0.30954
002358,-0.74759
002357,0.43308
002347,0.65462
002344,-0.04081
002325,0.17279
002321,0.75051
002312,0.01173
002298,1.65526
002297,-0.15866
002289,-0.0972
002288,0.14152
002286,0.16393
002272,0.6903
002263,-0.18415
002260,0.58489
002254,0.05048
002249,-0.36037
002220,1.83361
002219,0.94294
002189,0.58271
002188,0.11208
002178,0.67376
002168,1.73054
002163,-0.01355
002161,2.27898
002160,0.97809
002123,0.60159
002104,0.52013
002103,0.39354
002098,-0.28717
002088,-0.03913
002075,1.50212
002073,-0.37911
002072,1.36371
002062,0.11743
002037,0.21667
002031,-0.62055
002018,-0.12535
002015,-0.31789
002014,1.0996
002012,0.3143
002002,-0.07991
001896,-0.03265
001696,0.78995
000995,0.51715
000979,-0.54613
000975,-0.47288
000971,0.75224
000952,0.77014
000939,-0.40826
000935,2.28464
000931,0.19283
000930,-0.14499
000916,0.28395
000908,-0.30973
000903,-0.57897
000900,-0.23126
000897,-0.48963
000880,-0.20747
000859,0.03556
000835,-0.0692
000820,1.56581
000812,0.2639
000806,1.29136
000803,1.14092
000801,0.12321
000790,0.41626
000788,-0.34453
000766,1.13932
000757,0.16336
000755,0.50811
000707,-0.23365
000705,0.30109
000695,0.54436
000693,-0.32665
000688,0.21064
000678,0.34075
000663,0.49726
000638,2.8081
000630,-0.81649
000616,-0.29475
000608,0.28944
000593,0.71809
000592,-0.37844
000589,0.03415
000585,-0.31838
000566,1.60861
000564,-0.23029
000563,-0.58797
000561,0.08946
000557,0.01
000555,-0.22678
000547,0.08793
000544,0.03318
000540,-0.46168
000537,0.47089
000526,0.81229
000517,0.95695
000509,0.58482
000504,1.91808
000428,0.08675
000403,0.28691
000402,-0.36987
000401,-0.40635
000301,0.02636
000157,-0.28932
000090,-0.06053
000056,-0.25259
000035,0.44923
000034,1.4939
000031,-0.46175
000029,0.06512
000022,-0.38154
000019,0.80953
000007,0.49505
000006,0.17872
300553,2.01857
300411,0.20199
002871,0.24928
600600,0.1648
002872,-0.07996
603882,1.26366
002780,2.66405
300719,0.0532
603679,-0.00476
300441,0.87576
002362,0.6002
000023,0.10843
600518,-0.16953
300191,-0.2955
600599,-0.1991
000411,-0.1914
002573,-0.40104
300024,0.10706
300647,0.42824
603331,-0.06964
002581,0.9696
600876,0.41583
002241,-0.54751
002114,0.34646
600639,-0.50514
002372,-0.11571
603058,1.01167
300216,0.02266
002762,1.03125
600958,-0.05752
300435,0.67829
603006,-0.54044
002800,3.41464
002857,0.40966
300053,0.00122
600816,-0.36257
002092,0.723
300665,0.6581
600382,0.12615
000711,-0.44338
300434,1.9749
002209,0.93215
300589,1.74166
300190,-0.59324
300459,-0.38739
002184,-0.19285
601186,-0.25351
002778,0.83412
600528,-0.39788
300484,1.1503
300668,0.76209
002561,-0.25113
600987,0.06717
601900,0.19661
002675,0.06672
600851,0.74628
300236,-0.23326
600614,0.92089
002068,-0.17041
002231,0.60417
300177,-0.03228
300339,0.00097
300364,2.86396
000685,0.12694
000043,1.23486
601002,-0.48266
002620,2.80854
600376,-0.29983
300720,0.3468
601668,0.54265
000582,-0.3112
002416,1.04881
002722,1.77499
600015,-0.32956
600894,-0.17284
600177,-0.27206
300501,0.10309
300538,1.30997
603063,-0.16261
000408,3.83811
002390,-0.36646
600728,0.1783
002078,0.56043
300262,-0.37621
600069,0.95916
002367,-0.18457
300307,0.28191
000576,0.3577
300709,0.12492
603527,0.24465
002273,0.31249
002045,1.6014
000049,-0.28232
603298,-0.04003
300326,-0.53392
002480,0.47544
002175,1.41125
002602,1.29307
603501,0.73122
002425,0.18505
600329,-0.17661
300180,-0.22735
603696,1.23429
000506,-0.16473
603579,0.15267
603707,0.54283
600895,0.03291
002877,0.72731
300035,0.6476
603938,0.46978
002207,0.64394
603328,-0.47393
300309,0.15136
002587,0.49449
002665,-0.44874
601800,0.20417
600094,0.72217
601997,-0.07188
600243,0.21077
300062,0.2189
603178,0.09411
000955,1.02397
603617,0.22373
603076,-0.07368
002723,0.60831
600710,0.21216
002889,0.263
002084,-0.63185
300510,1.85617
600531,-0.48439
002751,8.67222
002083,-0.04687
002328,0.58823
300058,-0.52597
603787,0.45527
601212,2.16878
300362,-0.576
300430,0.22911
300427,1.83153
002633,-0.13052
000819,0.13768
000973,1.1052
600383,-0.07464
603505,0.77666
603987,0.6361
002020,0.0662
000016,0.63291
000632,0.68647
300540,0.71591
002817,0.65083
300067,-0.06211
603003,0.02203
600185,-0.35574
600819,-0.15175
000700,0.5456
002089,-0.13205
002176,-0.07763
002702,-0.62708
600320,-0.1043
002139,-0.32217
600476,-0.52617
002663,-0.56389
000778,-0.60449
300537,1.13987
300023,-0.52425
300101,0.36796
600696,0.28848
600535,-0.07388
002799,3.65326
601882,7.72873
002847,1.22564
600272,-0.12388
600261,-0.33568
603035,0.00074
002496,-0.17121
002392,-0.26971
600892,-0.37256
000650,-0.22128
603800,0.47671
600630,-0.34162
002101,-0.02487
601858,0.2447
000716,-0.54313
600854,0.12089
300488,0.73044
600361,-0.06986
002166,-0.14815
002424,-0.4297
603180,0.20163
002562,-0.20208
002546,0.03069
002061,0.68575
603017,-0.42648
002731,-0.03742
603568,0.04156
600611,-0.00543
002081,-0.08266
002636,0.06004
600020,-0.13331
600674,-0.70323
002181,-0.29078
002077,0.12265
600996,-0.12158
000635,0.48846
000539,-0.07542
600540,-0.37113
002177,0.08746
600609,0.30032
600475,-0.27495
300079,0.16673
000718,2.42039
600714,-0.3781
600811,-0.32245
002797,0.81313
000860,-0.41533
000883,-0.28387
603528,3.72894
600623,-0.44669
600570,0.87222
002196,0.07284
603555,0.4954
002684,0.0425
002568,1.31178
600106,0.25424
002566,0.25431
300416,1.17433
600176,-0.17125
601872,-0.37601
002593,1.21685
002343,0.00273
600742,-0.5604
002433,-0.15596
600097,-0.08753
002502,-0.31645
603128,-0.06362
600959,1.10095
000523,-0.15521
002908,0.77996
300264,1.12485
601818,-0.35912
603580,0.78902
000998,-0.46053
600815,-0.08255
002096,0.39033
300610,0.61782
300381,0.71828
600575,0.03627
000520,-0.5504
600723,-0.26823
002011,-0.10747
002468,-0.13141
603606,-0.51393
603099,0.30456
300139,-0.4317
002482,0.12876
600104,-0.20383
300106,0.11878
600152,0.18964
300550,1.99448
603997,0.78191
601766,0.9948
002222,0.55934
600652,0.34931
603656,0.31572
000753,-0.47604
603456,0.54476
300305,-0.27246
601177,0.34667
600732,-0.01984
600170,-0.10083
300593,1.71068
002060,-0.05506
603839,0.10897
002403,0.11554
601616,-0.23799
600486,0.14212
600327,-0.20408
300103,0.33583
002211,0.11732
300631,1.23835
600743,-0.37608
300579,0.88565
002318,-0.64701
603386,0.68704
600783,-0.32416
300047,-0.09386
600325,-0.69231
300474,3.20135
600218,-0.16988
000565,0.08899
000726,-0.41844
601218,-0.23136
601058,-0.20059
601038,-0.31544
600983,0.32865
000502,2.30556
600258,0.33388
002135,0.18526
000026,-0.03837
601717,-0.10673
002404,-0.18631
000018,-0.8406
603369,-0.52287
601016,0.43775
002820,0.56194
300112,0.23423
300349,0.20487
600491,0.80672
600708,-0.62726
002698,0.29425
601599,-0.56269
002527,-0.0835
000793,-0.51086
300493,1.76205
002279,0.9712
600628,-0.54182
603726,1.17877
300082,-0.59043
002315,0.10706
002238,-0.17906
300175,1.144
600761,0.15796
600984,0.37889
603721,1.54803
002565,0.55433
300255,-0.6214
603828,-0.06457
002884,-0.07423
002522,0.56755
603858,-0.03976
300545,2.69449
002642,0.40205
603585,-0.05826
002395,-0.19693
000514,-0.06307
600838,-0.13229
300616,0.62378
603900,0.43573
002369,0.31087
002589,-0.13083
603060,0.75614
002208,1.56121
603398,0.61225
300297,-0.12294
002442,0.2168
002385,-0.31156
300171,0.58962
603789,0.82832
603368,0.7684
000722,0.10969
600649,-0.0218
600028,-0.11022
002551,0.71204
300069,5.53138
002164,1.21879
600350,0.01709
002121,-0.5592
000961,-0.0101
002226,-0.51434
000882,-0.00042
300340,3.56749
000657,-0.21122
600268,-0.31484
601368,-0.06687
002685,0.38591
601992,-0.44878
000767,0.07105
002867,-0.23166
000419,-0.06502
600620,0.49143
600121,0.2638
600637,-0.34962
601018,0.13692
603919,-0.04002
300598,2.34313
600006,0.0983
002443,0.30232
002364,0.67646
000869,0.46746
603819,0.56045
300584,0.80671
002158,1.51411
601880,0.26566
600249,0.46845
300576,1.26699
300449,2.78976
300405,-0.29614
002681,0.5842
603779,2.9272
600166,-0.26611
600539,1.03362
600697,-0.0993
603556,0.01459
603303,0.02885
603628,2.06636
300575,-0.01494
601199,-0.273
603886,0.0432
600657,-0.6284
600653,0.48829
603200,0.40133
300075,0.03844
000619,0.66757
600132,-0.10189
000531,-0.037
300388,-0.36366
600356,0.33779
600716,0.12386
600873,0.26822
600798,0.12303
600747,-0.37565
603966,0.98974
600986,0.78043
002140,-0.36767
300170,0.22405
000068,0.03325
000598,0.05056
002603,-0.43117
300534,0.14491
002420,0.47469
002337,-0.77058
603330,0.99028
300239,0.17203
000625,-0.46132
600078,-0.22273
002627,1.05218
000417,-0.03074
002516,-0.15927
002883,0.47097
002007,-0.44772
300287,-0.5741
603979,-0.28584
000156,-0.31608
300344,2.05608
300028,0.08202
002381,0.35786
002047,0.91958
002346,-0.37304
002162,0.24985
002869,-0.18411
600228,0.42235
600802,0.16901
300016,-0.30451
000545,-0.67206
600812,-0.19722
601008,-0.18661
300625,0.04642
002317,-0.36099
000737,-0.0637
300652,-0.04787
002900,0.00598
000727,-0.51416
300220,0.99042
600278,0.04139
600781,-0.31712
000888,-0.65059
600858,-0.49936
300611,1.02356
000713,-0.11818
600706,-0.28921
603041,0.08961
600568,-0.08676
002391,-0.1634
601777,0.92735
300508,2.91113
002071,-0.22189
300716,-0.01716
600555,0.27923
603000,0.0617
002850,0.41211
000534,0.79608
300588,2.44018
002461,-0.55904
300281,-0.2099
600592,0.54513
600433,0.11202
600537,0.67038
002876,0.48354
002501,-0.6152
300066,-0.18511
002490,-0.28995
002649,0.04411
002610,-0.45956
000603,0.24162
002001,0.12989
000850,0.24911
600444,0.23723
300261,-0.16295
300184,-0.37128
600616,0.16661
002351,-0.48005
002065,-0.23773
603306,0.23543
600603,0.39177
000851,0.27614
000656,0.09253
002004,-0.196
600235,0.28043
600135,-0.23855
300645,0.95826
300141,2.10595
300319,-0.61486
600127,-0.21853
603586,-0.18492
000833,-0.0881
600322,0.30639
600139,0.06475
600532,0.83804
600022,0.35717
000036,0.32626
600290,0.47234
603268,1.05919
600676,-0.31707
603727,0.13442
300332,-0.33966
603116,-0.58032
600602,-0.03858
300073,0.57136
000720,0.18303
601200,-0.06573
002431,-0.00341
002743,0.22765
002474,0.29279
300448,0.39317
600874,0.28506
603198,-0.23063
603043,-0.08635
600820,0.27864
002428,0.29497
000758,-0.12996
601991,-0.42122
603813,0.989
603196,0.12966
600277,-0.23745
000800,-0.39518
600982,-0.45912
603933,0.07011
603608,-0.22857
603138,1.38405
002536,-0.06673
300529,1.65617
603889,-0.18129
600496,-0.0289
603963,0.26529
300519,3.32512
300705,0.4725
000548,0.18294
300641,-0.0441
002495,-0.70893
603843,1.7467
002426,-0.21923
002198,0.49109
000779,0.15235
601857,-0.09656
300531,-0.14659
600064,-0.2873
300518,1.76807
000665,-0.36534
300599,0.87953
300179,-0.03019
600493,-0.23736
002206,0.4889
600651,0.51003
601567,-0.29621
300232,-0.52317
002205,-0.1993
600683,-0.13591
002639,-0.06486
601988,-0.00784
300244,-0.44468
603129,0.15895
002069,-0.03809
600073,0.0386
002186,-0.24806
603020,0.01176
300181,-0.28918
600108,-0.36804
002067,1.60529
300119,0.41652
300155,-0.40014
002793,0.50006
300679,-0.05918
603127,1.10215
002059,0.0786
603183,0.78732
603730,-0.13486
600612,0.04059
300348,0.19229
603309,0.54159
002542,0.13372
002609,-0.48849
300479,1.64377
002227,-0.35849
002503,-0.33468
601288,-0.1116
300257,0.65835
002646,-0.04325
000906,0.07109
603926,-0.1591
603345,0.57124
300189,0.13523
603139,-0.07354
300283,-0.43726
600284,-0.40792
002407,0.11262
603536,0.38522
600857,0.03959
600789,-0.04002
600270,-0.26834
002378,-0.28322
300560,0.62252
300402,-0.05718
002790,0.17644
000425,-0.72389
603978,0.32943
002772,-0.32196
300318,1.02589
000530,-0.38544
600251,-0.66082
002116,-0.39825
600280,-0.45091
600827,-0.30001
600470,0.56339
600529,0.12054
601999,0.09601
300061,-0.16419
600886,-0.01648
000828,0.14594
300052,-0.3166
000723,0.45018
600068,0.37573
300137,0.26156
600131,0.80635
603037,0.44441
603567,-0.40852
002274,0.37846
002485,0.03437
000957,0.28515
002095,0.08968
300331,0.98663
002629,0.05616
300321,1.34931
300081,0.85549
601878,0.07274
600704,-0.18714
600189,0.03538
300569,0.2457
300157,0.1606
600810,-0.35967
601866,0.27636
300452,0.70836
600753,0.6864
600963,-0.2597
601808,-0.38146
300111,0.19034
603106,0.3938
601969,-0.09181
601339,0.14914
000868,3.06958
300095,0.85715
600436,-0.3584
600354,-0.16542
000060,0.31043
600368,-0.06199
300037,0.82959
603758,-0.10175
002599,3.19977
603103,0.0492
600717,-0.25729
600105,0.14459
002109,0.78676
600008,-0.01322
600629,-0.02812
002532,-0.38566
002541,-0.14755
300126,0.9945
002215,-0.1623
300092,-0.07938
002295,0.75408
002515,-0.06838
300445,1.0229
300131,-0.0156
601211,-0.11303
300298,-0.00189
000628,0.08547
002456,-0.45728
002590,3.2608
600795,0.37499
601198,0.27727
600654,1.12258
000595,0.33353
300451,3.92855
002730,-0.70177
300068,1.24752
300267,-0.52373
300439,0.87152
000751,-0.33784
601009,-0.67686
002199,0.67373
600595,0.95142
600210,0.0269
002564,0.37936
600390,0.0845
000780,0.07953
300033,-0.06821
300302,-0.33725
300486,0.77466
600336,0.77271
300718,0.07675
600215,0.58322
300165,-0.32152
002259,-0.11772
600379,0.119
300622,0.71098
300241,0.83636
300677,0.04327
300498,-0.07307
600908,0.68146
603818,0.55663
000030,-0.14518
603716,1.26739
002144,0.96516
300436,1.57889
603811,0.50486
600363,1.03926
300681,0.83057
300419,2.47132
002113,0.5376
002534,-0.17224
002868,-0.04687
002860,0.22827
600303,0.21626
300555,0.12348
000686,0.45851
002016,0.14782
002475,-0.70255
600828,0.23589
300520,4.55874
300054,0.71958
000421,0.33056
600220,0.33186
000338,-0.58109
600635,-0.04565
600582,-0.12749
300421,0.5704
002150,-0.34157
000887,-0.17592
300417,1.30924
601139,-0.20272
000712,-0.16808
600525,0.32501
603996,-0.39374
600589,0.81567
600389,0.01642
603269,0.5946
000762,0.60784
300064,1.51344
002314,0.23715
002277,-0.30301
002253,0.86097
600292,-0.12945
601169,-0.43566
601226,-0.5703
600846,-0.00361
601929,-0.68791
600307,-0.05169
300226,-0.21405
600180,0.00406
002441,-0.30759
603908,0.34862
600863,0.20961
002628,0.24807
603689,0.1061
000783,-0.40473
000729,-0.35315
603615,0.61714
603100,0.40199
300328,0.38638
002305,-0.26845
002637,0.42049
601128,0.41635
603500,0.06066
000553,-0.19208
300512,0.83353
600981,0.64715
002774,0.05777
603991,0.40124
000525,-0.20743
000937,-0.29783
603801,-0.11595
603609,-0.18085
300554,1.10529
600051,0.42262
002760,0.53551
300407,-0.75125
603488,0.16056
002408,-0.31519
300341,0.63046
300695,-0.19376
600388,-0.48299
300211,-0.31578
603136,-0.00432
603021,1.7778
000166,-0.48924
600773,0.70573
600865,0.65685
002661,-0.00801
000918,0.39987
002090,0.50267
002432,0.01834
002688,0.32551
002387,-0.03463
600138,-0.35224
600497,-0.35736
300371,-0.01503
300084,-0.6524
000584,1.59176
300658,-0.08194
603600,1.07182
600527,0.8407
600237,0.05588
600750,-0.16041
002870,-0.11515
600680,0.11712
002082,0.53411
600624,0.24812
002484,0.10484
300655,1.26311
002243,0.0468
002752,2.51653
002491,0.63569
002459,-0.34164
600156,-0.05739
300425,-0.39966
002706,0.29054
002899,0.15776
600125,-0.14819
600103,1.39416
000966,-0.53849
300322,-0.36244
600093,0.80261
601113,1.50958
600479,-0.14217
300583,-0.1317
002831,-0.07636
000829,-0.15139
601163,-0.16539
600671,-0.16834
600179,1.34016
600577,0.01267
002458,0.17165
002281,0.47928
600133,-0.3644
603028,1.57545
300107,-0.14243
600371,1.43917
601258,-0.57478
600392,0.7691
300312,-0.38863
603903,0.88056
300146,-0.6219
603881,1.39931
600054,-0.19918
600211,-0.15865
603686,0.59761
002863,0.5211
601678,-0.43081
601966,0.23509
603912,0.71982
300366,-0.63495
002261,0.02934
000400,-0.2961
600853,-0.03764
002693,0.3166
002353,-0.50379
600814,0.19061
600207,-0.46516
002686,0.92186
000426,0.52115
603311,1.32312
600199,-0.21432
603928,0.37004
603227,0.5691
603229,0.20892
300605,1.71666
600400,0.24632
600779,1.85888
002449,0.19319
600233,0.00236
002310,-0.61839
002417,1.11119
002282,-0.12957
600515,-0.02726
002725,-0.415
002172,0.33122
002440,-0.12404
002410,-0.09002
600089,-0.29095
300296,-0.41568
002005,-0.3489
600377,-0.02042
600785,-0.30889
002701,-0.21183
002427,0.03622
300396,-0.65964
300530,1.82141
600312,-0.14045
600522,-0.33604
603577,0.46923
600734,2.19844
002838,0.98003
300070,-0.05567
603012,-0.4806
300115,-0.46545
300304,-0.06981
600129,0.07959
600900,0.18156
600830,-0.13752
002039,-0.1737
600613,-0.26998
002010,0.34932
600975,0.36061
002339,1.92398
600429,-0.11954
002875,-0.12806
000423,0.0193
002674,-0.19659
000913,1.76702
000536,-0.07435
600731,-0.20665
002145,1.74545
300395,-0.42939
000776,-0.00369
600279,-0.38364
002885,0.08714
600511,-0.23789
300471,-0.62208
600428,-0.03544
002827,0.56453
002348,-0.01585
000831,-0.2283
603663,1.14245
002612,1.05528
000609,-0.42848
002771,0.70887
601369,-0.07857
600701,1.5147
000698,-0.27109
000410,0.24757
600335,-0.18954
300633,0.39486
002547,-0.79126
603985,-0.18269
300487,1.72131
300699,1.72131
002862,0.28676
601677,0.03014
002605,-0.46457
600075,-0.20883
002807,0.43611
002275,-0.25298
002486,0.18989
601006,-0.14403
601366,-0.24542
300403,-0.0382
002439,-0.50208
600642,-0.07558
603518,-0.03465
600337,0.17463
300617,0.28298
300041,1.11835
603117,0.21243
002122,0.32484
603208,0.07212
300632,0.58546
300685,2.16408
300325,1.58839
600250,0.07742
000920,-0.32497
300116,2.72357
000876,-0.60638
600797,0.55453
600401,-0.55464
300218,-0.23724
000791,-0.28392
300619,1.83025
300623,0.0919
300150,-0.21847
002901,0.82656
002763,0.41543
000550,-0.43917
002287,0.27018
000069,-0.35555
300358,-0.03928
002355,1.32212
002380,-0.39014
000889,0.4636
603260,0.38448
600833,0.31446
300517,1.84604
601168,0.07208
002280,-0.43949
600085,0.43157
300636,0.2586
300276,-0.00963
002064,-0.64037
603123,-0.13752
600526,0.13453
002411,1.00218
300690,-0.14855
300547,1.24602
002852,0.28312
603788,0.55753
603519,0.94499
603018,-0.40698
603683,0.14
600241,0.0439
002713,-0.01668
603798,-0.05865
600259,0.42805
000895,0.11308
600079,0.06448
002849,0.85444
603678,2.88377
603179,-0.00071
600756,-0.38277
002748,-0.09584
603677,0.21712
603639,-0.00394
600415,0.06206
000810,-0.60695
603188,-0.22734
600861,0.02235
600831,-0.48483
600468,0.26592
600029,0.53753
000811,-0.27405
600260,3.69235
603630,0.11553
603316,0.07814
300363,-0.62197
603079,0.83732
600096,-0.31036
603239,0.77914
002290,2.25553
002024,-0.40963
600247,2.18889
603066,0.51543
603817,1.24637
600421,2.87443
600481,0.68116
600790,0.22384
002631,1.29757
600888,-0.381
600805,-0.26553
002406,0.07334
603077,-0.41828
600583,-0.45469
000709,0.06924
603363,0.6468
603823,0.0677
300443,1.12586
300235,1.30319
600026,-0.08489
600463,-0.34847
603225,-0.13295
600520,0.64393
300626,1.0182
000733,0.29805
002643,-0.36769
600173,1.13038
002729,0.04215
300432,4.02426
601628,0.2453
300290,-0.17623
002905,-0.02926
600898,-0.29108
002591,0.12663
603393,-0.0927
002284,0.42254
002813,2.45501
603618,0.08717
600580,0.2393
002034,1.36889
300303,-0.20557
600668,0.10619
603444,1.11265
000708,0.00206
002851,1.10238
002216,-0.58552
601166,-0.07199
000096,-0.11388
002345,-0.11563
603360,0.67804
000591,0.31003
603829,0.4251
603980,-0.08225
002569,0.99822
600109,-0.10208
601216,-0.39513
300571,2.25856
600720,-0.21735
603238,0.30396
000878,-0.30404
600099,-0.02001
600509,-0.25398
300291,-0.25424
603022,0.68584
300295,-0.38007
601607,-0.12857
300144,-0.20804
600746,0.16734
300193,-0.40251
300509,0.95674
300466,0.53971
601118,-0.34106
300183,-0.24961
300238,0.28288
300643,0.53306
002556,-0.1868
300567,1.61211
603323,0.20289
603808,-0.06153
600397,0.68626
603015,-0.57366
600405,-0.08434
002021,-0.15662
600153,0.59473
002505,0.17184
300200,0.08302
300018,1.02927
300666,2.79459
603186,1.96841
300535,1.17866
002570,0.02088
603877,0.01628
601318,0.26716
000021,0.556
603313,0.3764
600711,0.55795
300592,1.40495
600058,-0.2006
000532,-0.36473
002882,-0.08496
300026,-0.66309
603358,-0.01554
600339,0.15967
603718,1.8073
603199,0.22769
601086,0.58855
600737,-0.13115
300279,0.28932
603636,1.22232
600007,-0.06565
000055,0.33889
002823,0.03187
601688,-0.44512
600172,0.624
300691,1.2755
002880,0.08784
000892,-0.01471
601228,0.70153
601949,0.5609
603538,0.06832
600449,-0.03239
300461,2.73998
603612,2.96208
002195,-0.58928
601375,-0.14276
002050,-0.37706
000959,-0.04607
600626,0.0227
603101,0.58615
600461,-0.23228
000821,1.02193
000926,-0.22966
000799,-0.06175
002218,0.18291
600050,-0.01105
600586,0.24505
002091,0.04143
002511,0.05771
600557,-0.18436
603888,-0.4025
300274,0.25907
603383,0.15423
300246,0.59965
000905,0.03843
300335,0.19962
002858,1.39825
300351,-0.41315
300568,0.52882
300485,0.46102
601398,-0.08252
300254,-0.41347
603385,-0.22003
600010,-0.34165
002292,-0.62903
600499,-0.44628
600768,1.5496
300648,0.45226
600171,0.43542
603111,-0.6556
002293,-0.44724
002303,-0.29526
603367,0.0184
300660,-0.18721
300042,0.70441
002138,-0.03905
601919,0.2148
002194,1.11383
601333,0.00395
300367,-0.6512
603797,1.09737
603899,0.08559
000631,-0.07494
300378,-0.34622
002906,-0.02822
000692,0.33096
300470,-0.15275
600408,0.39195
600448,-0.35443
300194,-0.35787
002043,0.63671
000681,0.03682
601933,-0.06748
002788,0.06938
600231,0.2201
300391,-0.41524
300333,0.48657
601996,-0.24812
600420,-0.24958
300609,1.96859
002334,0.48236
300496,0.02236
603665,0.16415
000852,-0.45252
000715,0.11502
603988,-0.06997
000679,0.36762
000759,-0.13115
600584,0.32291
600999,0.09895
300093,-0.13703
300174,1.82557
000510,-0.29353
000977,-0.3459
600012,0.20945
002898,0.52839
300039,-0.56278
300083,0.6539
600410,-0.00935
603768,-0.03585
300020,-0.57173
000528,-0.17953
002066,-0.33148
600111,-0.31895
600313,-0.61096
002394,0.4043
300012,-0.40631
002462,-0.18636
603822,1.28246
600323,-0.19473
002124,0.72202
000617,-0.27585
002086,2.07778
300384,0.72867
600308,0.99775
600678,0.44466
002396,-0.14067
001979,-0.32988
603855,0.06448
600136,1.51015
603920,-0.22189
600673,0.40451
002640,-0.6677
000420,0.20372
002554,-0.1183
002666,-0.0085
600826,-0.00406
002141,1.87554
300503,0.25027
300173,-0.50205
600702,0.12146
000951,0.16332
300225,0.21453
601918,-0.02996
603559,1.28148
002672,-0.01757
000782,1.07009
603918,1.06088
603396,0.22824
002903,0.72076
603357,0.36528
300227,-0.07185
000728,-0.26991
002311,0.06909
000061,0.12731
600519,1.40039
000721,0.32242
000792,0.37967
300354,0.52646
002200,0.11055
300138,0.37096
002727,-0.50118
600077,0.67788
300021,-0.74333
300697,0.79064
000910,0.39145
600395,-0.57505
000735,-0.35912
002822,-0.48253
603023,-0.20741
603937,0.18375
300412,-0.43272
601100,0.3343
600559,-0.67333
002048,0.22362
600310,0.29841
002750,1.41189
002707,-0.793
002326,-0.30034
300223,-0.04885
000551,0.10837
000498,0.17485
603708,-0.22891
002157,0.27597
603767,-0.1111
300078,-0.64548
600735,-0.49809
002375,-0.35347
603321,0.2652
300649,1.01825
300221,1.07482
300256,0.60041
300687,0.14976
603305,0.31591
002757,0.62649
601939,-0.08973
600219,0.22573
603266,0.39959
300582,-0.12564
002866,0.05027
601601,0.00286
000430,0.05406
600276,0.35564
002821,-0.09699
002193,0.87642
603033,-0.06173
603300,-0.13938
600302,0.69279
000607,0.49522
002724,-0.41573
002108,-0.26596
000999,-0.18623
603878,-0.11017
300118,0.37016
600993,-0.22538
600305,-0.54922
000610,0.06078
600236,0.8531
600306,0.32263
000739,-0.12168
300145,0.93636
000886,1.26254
300453,0.56517
600238,-0.31533
600288,-0.34602
300717,0.31185
300132,0.24684
603223,0.74214
300134,-0.51151
601608,0.03063
300602,1.39069
002100,-0.51755
300258,-0.15397
002225,-0.50311
603717,-0.18976
002429,-0.31964
300713,0.14135
300040,-0.05617
002535,0.38816
002648,-0.35537
603968,0.08151
000078,0.58101
002615,-0.32665
300277,0.83062
603337,0.03988
300263,-0.34682
600884,0.54179
600360,0.94257
603648,0.89408
603377,-0.03047
002841,0.79249
002335,1.3841
002518,0.98917
002435,-0.07494
600663,-0.62807
603955,0.63878
002320,0.75492
600498,-0.29821
002182,0.69403
601388,1.73836
600299,1.21619
600885,0.34557
601555,0.05111
603989,-0.43758
002767,-0.29161
002826,1.38429
600850,-0.37829
002582,-0.14866
002559,0.47559
002595,-0.21205
002521,-0.19537
002835,0.35107
600834,0.0882
002618,-0.54493
300353,-0.02897
002803,2.76251
000088,-0.01343
000571,0.87231
002457,0.22471
300428,1.81799
002508,0.18146
603668,0.38144
600256,-0.3915
300573,2.12402
300130,1.63558
603906,0.31282
000048,0.24336
002322,0.83797
600018,-0.06583
002526,0.57205
002127,0.34447
002907,1.09408
603856,0.00129
600867,0.25748
300702,0.00457
300234,0.05559
300153,0.17806
002256,2.09183
600751,-0.10019
300692,1.38132
000929,-0.05197
002781,0.08332
002444,-0.04028
002619,-0.06719
600508,-0.22825
600100,-0.14089
002232,-0.38755
300389,-0.47327
000559,-0.40271
600198,-0.32198
300284,0.03303
600787,-0.42209
300387,-0.13631
600859,-0.11368
601881,-0.15258
000761,-0.02495
600071,0.30402
600769,0.30713
300282,-0.42179
300166,-0.59508
000627,0.67384
002514,-0.20197
002749,1.0656
603826,0.39953
002611,1.21383
600355,1.73134
300549,0.98621
000925,0.43608
000552,-0.03654
002699,-0.41942
000750,-0.10284
000898,-0.02631
603090,2.09061
000089,0.22491
002038,0.65302
603040,1.44888
601326,0.92516
300607,-0.05415
603189,1.44526
000062,1.57332
002719,-0.02165
000997,-0.42871
002447,0.33234
000623,-0.40181
000830,0.2192
000045,0.04309
600738,-0.06291
002267,-0.36331
601877,-0.193
600658,-0.05091
002099,0.60339
600076,0.4429
002340,0.05808
600459,0.29012
000501,-0.16074
600552,-0.48373
300072,-0.3402
300201,-0.52012
000960,-0.35675
600217,-0.05303
603607,0.41615
601155,0.00959
002714,-0.55378
603416,0.18315
002148,0.01473
601901,0.36822
600143,0.22335
002119,-0.1249
002074,-0.07967
600055,-0.16191
300098,-0.71818
600793,0.71739
000796,1.93527
000825,-0.07673
600546,0.40148
600500,-0.33164
603595,1.36926
000541,-0.00288
600567,0.78743
002029,0.0481
002690,-0.4382
000976,1.18748
300154,0.13064
601012,3.15909
300124,0.02164
601116,2.67279
600126,0.39312
300122,0.80203
300596,0.58272
002027,0.15268
603177,3.13914
002499,0.37822
600330,0.26504
000987,0.3033
600792,-0.13643
600326,-0.26986
300210,-0.59067
002667,-0.62226
600291,0.40728
002236,-0.03231
603603,1.1746
000001,-0.10343
600755,-0.63123
000822,-0.02089
300678,2.90199
603466,0.7014
000012,-0.10406
600549,0.48212
603218,-0.06463
000409,0.60698
601108,-0.03311
600741,0.28228
000807,0.38513
600887,-0.63934
601799,1.53294
600123,-0.28548
600117,0.27374
300394,1.99401
002454,-0.1251
603110,0.1476
603861,0.55621
002736,0.50857
000661,0.79811
600348,-0.10664
000953,0.20559
300207,-0.65864
603776,0.13225
601377,0.00653
603025,0.75192
600597,-0.23364
002497,0.3924
600655,-0.52415
600596,-0.01085
000063,0.25703
603320,0.39637
601908,-0.10495
002430,0.56893
002102,0.09854
603277,-0.00494
601137,0.75909
002500,1.69553
002245,-0.4175
300097,0.62138
300476,0.11106
300014,1.77896
002294,-0.14755
000655,-0.05728
300337,-0.39005
603507,-0.11736
600004,0.01561
600690,0.46127
600409,0.19587
300057,0.7125
300433,-0.47459
603833,-0.00838
600369,-0.74168
002770,-0.0916
600703,-0.139
002801,1.44608
600617,-0.27378
300410,0.49024
603289,0.1566
600367,0.16489
002302,1.46995
600881,-0.20386
600699,0.58567
600839,-0.2438
603896,1.07689
600183,-0.00837
002700,-0.43007
000963,-0.49587
002455,0.66052
600837,-0.3367
600031,-0.00277
603388,0.15312
600872,0.23695
002306,-0.13345
300422,1.12448
002307,-0.20884
603909,1.1364
600729,-0.1482
600569,0.29054
603078,0.3281
601229,-0.26667
002332,-0.28617
601886,0.49827
002558,0.61031
603278,-0.1281
002415,-0.24205
600060,0.16639
603558,0.29118
600056,-0.36045
000725,0.74728
002192,0.3086
002304,-0.18868
002323,0.42997
601001,-0.09079
601579,-0.05318
600053,2.40735
603338,2.10695
300176,1.78894
600036,-0.15687
000008,-0.70394
000050,-0.18369
002405,-0.41208
600909,-0.13608
000538,0.1767
603916,-0.0026
000513,0.00148
002336,0.50292
000581,-0.39072
600933,-0.16155
601101,-0.14663
002377,0.13978
000100,-0.16173
603825,0.0128
600193,1.32783
002673,-0.02267
000938,1.41353
600362,-0.10757
002865,0.21583
300457,-0.16663
002308,1.39232
600618,0.51235
300229,0.087
000028,0.03335
600970,-0.30759
603757,0.09286
002597,-0.24995
002466,-0.15921
300562,1.26472
603096,0.33773
000407,0.20548
002450,0.01818
300688,1.81308
002887,0.10888
002136,0.01222
300450,2.91689
002079,-0.14759
000856,1.53029
000488,0.81931
002055,1.90014
000524,-0.42849
002233,0.03309
603605,-0.0138
002399,-0.42109
600809,-0.23158
000415,-0.45934
002053,-0.49809
000507,-0.38728
300464,-0.17691
000002,0.48798
002402,-0.09682
600997,0.37082
600835,0.29359
603005,-0.26487
002352,-0.23399
000651,0.63837
002110,0.12875
603619,-0.0295
002285,-0.29167
300044,0.80809
600352,-0.24763
600298,-0.14763
600019,-0.04544
002460,1.14615
600406,0.12838
603998,-0.02552
601666,0.13321
000596,0.09707
002463,0.16655
300606,0.97819
000933,0.73572
300706,3.53299
002601,1.69625
601888,-0.27023
600490,-0.01887
000683,0.41903
603535,0.00256
300031,0.94166
002185,-0.66389
000568,0.3458
000418,0.60316
002594,-0.2591
600801,-0.35477
601019,0.0
000058,0.10215
603611,0.32289
300603,4.23477
600267,0.04492
002213,0.37695
300316,-0.44325
600803,-0.29934
601636,-0.51855
300324,-0.00421
000037,0.40929
601088,-0.27297
603661,0.0
002728,0.32991
600808,0.66877
603365,-0.08855
600282,0.57945
603993,-0.76449
300722,1.34108
000691,1.06051
600691,0.06229
300382,-0.12232
000848,-0.66147
300059,-0.51072
603160,1.3774
601336,-0.49783
600066,-0.02715
002910,0.40131
002214,-0.08452
600030,-0.35397
600585,-0.11747
600581,2.4024
002365,0.79974
002493,-0.16778
000597,-0.39478
000858,0.60971
000877,-0.03455
603389,0.61848
002142,-0.31311
002156,0.195
002911,0.0702
600426,-0.35024
000333,-0.2377
600971,0.14732
600141,-0.22311
002125,0.18903
600722,-0.08267
000505,0.24958
600621,-0.07501
600780,-0.24268
600667,0.24328
002635,0.11947
601233,0.6099
000983,-0.39046
300398,-0.38269
002008,0.79367
603517,0.09597
603019,1.42972
000885,-0.54576
603799,3.07187
603722,1.17558
002670,0.33343
300613,1.77398
603399,0.81394
300136,0.25695
601231,-0.3924
002128,0.13278
600507,0.61593
600681,0.5768
002583,-0.55291
002009,0.24594
600782,0.29007
300228,-0.14673
603703,0.45486
300726,0.32718
002319,0.34692
002049,1.30637
002230,0.32089
300721,0.1246
603729,1.17764
000613,0.041
002671,-0.00431
601225,0.37132
601699,-0.06688
600271,1.30353
603959,3.10418
300507,1.32825
300723,0.05535
600487,1.15897
000789,0.22958
000936,1.64712
002202,-0.34308
300462,0.55309
000932,0.78197
300661,0.45777
002129,-0.35447
600188,-0.46383
600903,1.49158
000672,0.2526
000717,2.08816
603659,0.84448
000968,-0.29737
300693,0.57922
603809,0.0
600295,0.21698
603685,0.0
600740,0.049
601015,0.648
002912,0.31635
603222,0.8698
002864,0.46107
601011,-0.32791
300618,3.57433
002913,0.0
000636,0.51724
000703,0.49264
603970,0.23598
600137,0.54452
002606,0.89483
000950,1.67304
000629,-0.31983
000511,0.06799
000155,0.17966
600806,0.29837
600432,-0.18403
